without_mask 0.9455 7.0 167.0 47.0 226.0
without_mask 0.9239 348.0 36.0 376.0 76.0
without_mask 0.9179 126.0 234.0 174.0 300.0
without_mask 0.9086 249.0 22.0 275.0 67.0
with_mask 0.9023 263.0 134.0 303.0 197.0
with_mask 0.8861 325.0 165.0 362.0 232.0
without_mask 0.8777 171.0 40.0 194.0 78.0
with_mask 0.8507 61.0 301.0 112.0 395.0
without_mask 0.8197 82.0 15.0 107.0 72.0
with_mask 0.7931 187.0 118.0 221.0 161.0
without_mask 0.7734 26.0 27.0 48.0 72.0
without_mask 0.6887 225.0 82.0 249.0 122.0
without_mask 0.6618 100.0 96.0 119.0 130.0
without_mask 0.5359 249.0 242.0 277.0 295.0
without_mask 0.5135 395.0 18.0 415.0 51.0
without_mask 0.5116 368.0 104.0 397.0 143.0
without_mask 0.4819 76.0 165.0 106.0 212.0
without_mask 0.4371 298.0 89.0 317.0 126.0
without_mask 0.3264 132.0 357.0 174.0 396.0
