with_mask 0.9078 166.0 190.0 205.0 270.0
without_mask 0.8990 125.0 179.0 156.0 261.0
without_mask 0.8882 68.0 212.0 94.0 275.0
without_mask 0.8625 238.0 242.0 270.0 308.0
with_mask 0.8321 351.0 216.0 385.0 309.0
without_mask 0.8008 214.0 90.0 237.0 154.0
without_mask 0.7807 94.0 76.0 118.0 136.0
without_mask 0.7682 41.0 89.0 65.0 155.0
without_mask 0.7409 66.0 146.0 91.0 194.0
without_mask 0.6817 391.0 121.0 411.0 174.0
without_mask 0.6358 245.0 167.0 270.0 232.0
without_mask 0.3681 354.0 57.0 374.0 110.0
without_mask 0.3022 280.0 33.0 301.0 87.0
without_mask 0.2811 348.0 54.0 368.0 114.0
