with_mask 0.9052 60.0 111.0 78.0 151.0
with_mask 0.8848 283.0 125.0 308.0 174.0
with_mask 0.8689 380.0 81.0 403.0 124.0
with_mask 0.7931 225.0 87.0 243.0 130.0
with_mask 0.7814 159.0 95.0 179.0 133.0
with_mask 0.7651 22.0 87.0 45.0 130.0
with_mask 0.7594 246.0 108.0 262.0 140.0
with_mask 0.7336 132.0 101.0 154.0 147.0
with_mask 0.7248 305.0 83.0 326.0 120.0
with_mask 0.6255 190.0 99.0 205.0 128.0
with_mask 0.5991 210.0 87.0 225.0 129.0
with_mask 0.5989 173.0 186.0 197.0 233.0
with_mask 0.5298 357.0 75.0 376.0 112.0
with_mask 0.4016 264.0 119.0 281.0 159.0
without_mask 0.3216 329.0 93.0 344.0 119.0
