with_mask 0.9348 118.0 97.0 142.0 141.0
with_mask 0.9185 336.0 76.0 363.0 126.0
with_mask 0.8653 32.0 75.0 58.0 123.0
with_mask 0.8535 200.0 91.0 223.0 138.0
with_mask 0.8365 227.0 78.0 249.0 122.0
with_mask 0.7639 377.0 62.0 404.0 120.0
with_mask 0.7600 177.0 71.0 197.0 114.0
with_mask 0.7303 151.0 100.0 174.0 145.0
with_mask 0.4007 279.0 93.0 298.0 135.0
with_mask 0.3776 407.0 134.0 416.0 175.0
without_mask 0.3707 105.0 35.0 124.0 81.0
with_mask 0.3561 5.0 80.0 31.0 127.0
with_mask 0.3410 131.0 53.0 154.0 93.0
with_mask 0.3087 302.0 84.0 319.0 133.0
