without_mask 0.9003 55.0 268.0 69.0 297.0
without_mask 0.8925 195.0 369.0 212.0 402.0
without_mask 0.8822 263.0 216.0 277.0 241.0
without_mask 0.8694 261.0 375.0 273.0 401.0
without_mask 0.8577 229.0 265.0 239.0 288.0
without_mask 0.8497 259.0 129.0 273.0 154.0
without_mask 0.8352 221.0 81.0 233.0 106.0
without_mask 0.8179 12.0 223.0 25.0 250.0
without_mask 0.8155 60.0 203.0 77.0 233.0
without_mask 0.8092 301.0 205.0 315.0 229.0
without_mask 0.7972 45.0 358.0 66.0 393.0
without_mask 0.7546 239.0 91.0 251.0 113.0
without_mask 0.7399 18.0 167.0 31.0 190.0
with_mask 0.7370 176.0 113.0 187.0 133.0
without_mask 0.7351 242.0 284.0 256.0 311.0
without_mask 0.7134 223.0 188.0 236.0 214.0
without_mask 0.7075 236.0 33.0 247.0 56.0
without_mask 0.6985 79.0 37.0 93.0 65.0
without_mask 0.6897 77.0 147.0 90.0 167.0
without_mask 0.6841 183.0 49.0 194.0 68.0
without_mask 0.6823 185.0 73.0 196.0 93.0
without_mask 0.6641 297.0 161.0 312.0 187.0
without_mask 0.6267 80.0 93.0 94.0 118.0
without_mask 0.6122 261.0 281.0 274.0 308.0
without_mask 0.5765 287.0 103.0 300.0 123.0
without_mask 0.5484 188.0 257.0 201.0 281.0
without_mask 0.5444 314.0 321.0 327.0 344.0
without_mask 0.5149 42.0 27.0 57.0 60.0
with_mask 0.5005 211.0 171.0 223.0 193.0
with_mask 0.5003 191.0 35.0 200.0 50.0
without_mask 0.4727 253.0 48.0 263.0 70.0
without_mask 0.4414 298.0 262.0 313.0 286.0
without_mask 0.4332 161.0 38.0 172.0 61.0
without_mask 0.4287 260.0 90.0 270.0 110.0
without_mask 0.4262 21.0 111.0 35.0 132.0
without_mask 0.4174 61.0 170.0 75.0 192.0
without_mask 0.3911 293.0 23.0 302.0 47.0
without_mask 0.3892 88.0 13.0 101.0 36.0
without_mask 0.3758 0.0 318.0 5.0 344.0
without_mask 0.3013 5.0 261.0 22.0 290.0
without_mask 0.2742 294.0 60.0 304.0 79.0
with_mask 0.2590 149.0 293.0 160.0 322.0
