with_mask 0.8187 302.0 141.0 331.0 200.0
with_mask 0.8140 307.0 243.0 354.0 314.0
with_mask 0.7889 25.0 197.0 63.0 275.0
with_mask 0.7671 153.0 321.0 201.0 408.0
with_mask 0.7311 387.0 148.0 416.0 215.0
with_mask 0.7145 96.0 365.0 130.0 412.0
with_mask 0.6982 4.0 67.0 39.0 148.0
with_mask 0.6578 69.0 165.0 105.0 245.0
with_mask 0.6457 156.0 111.0 190.0 182.0
with_mask 0.6386 388.0 311.0 416.0 409.0
with_mask 0.5920 208.0 121.0 237.0 182.0
with_mask 0.5421 117.0 198.0 155.0 288.0
with_mask 0.3736 337.0 122.0 364.0 178.0
with_mask 0.3211 133.0 0.0 162.0 39.0
with_mask 0.3130 123.0 59.0 155.0 125.0
with_mask 0.2730 334.0 374.0 374.0 416.0
with_mask 0.2599 238.0 102.0 259.0 160.0
