with_mask 0.9108 154.0 152.0 178.0 205.0
with_mask 0.8566 275.0 185.0 295.0 222.0
with_mask 0.8196 71.0 153.0 97.0 203.0
with_mask 0.8159 176.0 229.0 203.0 287.0
with_mask 0.7775 326.0 191.0 383.0 311.0
with_mask 0.7043 377.0 272.0 409.0 328.0
with_mask 0.6879 126.0 180.0 141.0 208.0
with_mask 0.5755 27.0 209.0 48.0 241.0
with_mask 0.5006 44.0 144.0 53.0 163.0
with_mask 0.4937 104.0 132.0 112.0 148.0
with_mask 0.4905 0.0 139.0 9.0 155.0
with_mask 0.4132 6.0 170.0 23.0 200.0
with_mask 0.3677 237.0 179.0 253.0 209.0
