with_mask 0.9350 80.0 323.0 103.0 359.0
with_mask 0.9326 25.0 321.0 48.0 359.0
with_mask 0.9251 292.0 112.0 308.0 138.0
with_mask 0.9126 188.0 184.0 204.0 211.0
with_mask 0.9054 318.0 299.0 342.0 331.0
with_mask 0.9046 199.0 355.0 222.0 389.0
with_mask 0.8883 147.0 73.0 162.0 98.0
with_mask 0.8861 116.0 1.0 130.0 21.0
with_mask 0.8859 216.0 262.0 236.0 294.0
with_mask 0.8853 39.0 219.0 60.0 251.0
with_mask 0.8821 230.0 48.0 246.0 71.0
with_mask 0.8747 260.0 113.0 280.0 134.0
with_mask 0.8354 206.0 9.0 220.0 31.0
with_mask 0.8346 159.0 252.0 179.0 280.0
with_mask 0.8259 114.0 81.0 128.0 105.0
with_mask 0.8159 28.0 70.0 42.0 94.0
with_mask 0.8092 228.0 189.0 247.0 215.0
with_mask 0.8092 152.0 7.0 164.0 27.0
with_mask 0.7945 1.0 64.0 17.0 89.0
with_mask 0.7908 403.0 72.0 416.0 97.0
with_mask 0.7870 331.0 119.0 344.0 141.0
with_mask 0.7568 67.0 70.0 81.0 92.0
with_mask 0.7453 137.0 160.0 153.0 185.0
with_mask 0.7387 126.0 336.0 149.0 371.0
with_mask 0.7352 265.0 257.0 288.0 288.0
with_mask 0.7211 392.0 132.0 410.0 159.0
with_mask 0.7116 282.0 56.0 297.0 84.0
with_mask 0.6917 212.0 87.0 233.0 116.0
with_mask 0.6692 45.0 149.0 63.0 174.0
with_mask 0.6559 70.0 220.0 90.0 251.0
with_mask 0.6534 333.0 13.0 347.0 38.0
with_mask 0.6322 194.0 38.0 207.0 61.0
with_mask 0.6014 302.0 14.0 315.0 37.0
with_mask 0.5936 0.0 207.0 10.0 243.0
with_mask 0.5705 366.0 68.0 382.0 93.0
with_mask 0.5597 345.0 198.0 362.0 221.0
with_mask 0.5463 317.0 52.0 336.0 77.0
with_mask 0.5437 193.0 93.0 209.0 117.0
with_mask 0.5156 102.0 165.0 117.0 189.0
with_mask 0.3765 337.0 405.0 358.0 416.0
with_mask 0.3754 78.0 42.0 93.0 67.0
with_mask 0.3719 92.0 228.0 107.0 260.0
with_mask 0.3666 261.0 12.0 272.0 33.0
with_mask 0.3445 1.0 150.0 16.0 172.0
with_mask 0.3044 180.0 11.0 192.0 32.0
with_mask 0.2945 398.0 219.0 415.0 247.0
with_mask 0.2515 132.0 45.0 145.0 69.0
