with_mask 0.8480 165.0 44.0 180.0 72.0
with_mask 0.8462 97.0 100.0 116.0 128.0
with_mask 0.8385 271.0 40.0 283.0 62.0
with_mask 0.8140 248.0 88.0 269.0 123.0
with_mask 0.7823 72.0 31.0 84.0 55.0
with_mask 0.7692 391.0 25.0 404.0 48.0
with_mask 0.7057 25.0 75.0 44.0 110.0
with_mask 0.6476 149.0 24.0 160.0 46.0
with_mask 0.5890 209.0 20.0 224.0 47.0
with_mask 0.5366 182.0 18.0 195.0 42.0
with_mask 0.5313 304.0 10.0 317.0 32.0
with_mask 0.5285 204.0 123.0 225.0 161.0
with_mask 0.3319 360.0 9.0 372.0 32.0
without_mask 0.2899 283.0 15.0 295.0 36.0
