without_mask 0.9627 94.0 296.0 125.0 360.0
without_mask 0.9497 44.0 159.0 69.0 205.0
without_mask 0.9104 354.0 279.0 387.0 335.0
with_mask 0.8776 135.0 310.0 172.0 385.0
without_mask 0.8529 65.0 244.0 92.0 311.0
with_mask 0.8301 301.0 193.0 326.0 241.0
with_mask 0.7948 222.0 181.0 246.0 230.0
without_mask 0.7914 48.0 100.0 70.0 144.0
with_mask 0.7900 241.0 330.0 274.0 398.0
without_mask 0.7712 247.0 63.0 268.0 107.0
with_mask 0.7574 178.0 233.0 203.0 275.0
without_mask 0.7297 306.0 83.0 328.0 122.0
with_mask 0.7006 252.0 198.0 282.0 255.0
with_mask 0.6869 140.0 187.0 169.0 233.0
with_mask 0.6418 281.0 285.0 302.0 348.0
without_mask 0.6122 272.0 34.0 291.0 67.0
with_mask 0.5548 272.0 145.0 294.0 182.0
with_mask 0.5144 217.0 98.0 238.0 134.0
with_mask 0.5026 183.0 166.0 203.0 207.0
with_mask 0.3892 43.0 226.0 59.0 279.0
with_mask 0.3454 334.0 187.0 363.0 224.0
without_mask 0.2902 207.0 392.0 244.0 416.0
without_mask 0.2651 88.0 54.0 106.0 89.0
