with_mask 0.9259 224.0 134.0 251.0 198.0
with_mask 0.8741 49.0 214.0 83.0 287.0
with_mask 0.8706 332.0 44.0 346.0 76.0
with_mask 0.8609 130.0 175.0 154.0 235.0
with_mask 0.8358 163.0 102.0 185.0 149.0
with_mask 0.6968 348.0 0.0 360.0 27.0
with_mask 0.6793 262.0 68.0 283.0 118.0
without_mask 0.6460 306.0 36.0 321.0 67.0
with_mask 0.5322 215.0 77.0 235.0 121.0
with_mask 0.4992 322.0 1.0 335.0 27.0
with_mask 0.4779 90.0 40.0 106.0 74.0
with_mask 0.4744 226.0 13.0 240.0 44.0
with_mask 0.2778 286.0 39.0 299.0 65.0
with_mask 0.2699 266.0 27.0 282.0 55.0
