with_mask 0.9536 287.0 31.0 314.0 83.0
with_mask 0.9447 258.0 36.0 280.0 81.0
with_mask 0.8795 337.0 53.0 361.0 100.0
with_mask 0.8015 201.0 72.0 227.0 124.0
with_mask 0.7339 150.0 63.0 179.0 125.0
with_mask 0.7022 57.0 16.0 78.0 52.0
with_mask 0.6976 212.0 128.0 238.0 187.0
with_mask 0.6089 198.0 329.0 256.0 411.0
with_mask 0.6052 12.0 28.0 31.0 62.0
without_mask 0.4967 87.0 36.0 103.0 63.0
with_mask 0.4855 106.0 0.0 123.0 27.0
with_mask 0.3418 78.0 1.0 94.0 33.0
with_mask 0.3404 96.0 323.0 147.0 403.0
with_mask 0.3343 335.0 362.0 392.0 416.0
with_mask 0.2679 161.0 13.0 180.0 47.0
