with_mask 0.8754 283.0 108.0 308.0 157.0
with_mask 0.8473 379.0 63.0 403.0 106.0
with_mask 0.8132 225.0 72.0 243.0 112.0
with_mask 0.7608 60.0 94.0 78.0 133.0
with_mask 0.7587 21.0 68.0 46.0 112.0
with_mask 0.7049 131.0 82.0 155.0 130.0
with_mask 0.6975 246.0 90.0 262.0 123.0
with_mask 0.6462 190.0 79.0 204.0 108.0
with_mask 0.5999 159.0 74.0 179.0 114.0
with_mask 0.5676 305.0 67.0 327.0 102.0
with_mask 0.5571 173.0 166.0 197.0 214.0
with_mask 0.5106 357.0 57.0 376.0 95.0
with_mask 0.3638 210.0 68.0 226.0 116.0
with_mask 0.3344 263.0 100.0 283.0 144.0
without_mask 0.2881 327.0 74.0 343.0 104.0
