with_mask 0.9381 89.0 211.0 113.0 247.0
with_mask 0.9195 35.0 232.0 63.0 270.0
with_mask 0.9052 182.0 164.0 208.0 211.0
with_mask 0.8532 303.0 166.0 335.0 209.0
with_mask 0.7378 138.0 154.0 159.0 185.0
with_mask 0.6965 144.0 309.0 172.0 357.0
with_mask 0.6679 58.0 164.0 74.0 195.0
with_mask 0.6669 214.0 142.0 230.0 173.0
with_mask 0.5400 55.0 137.0 68.0 160.0
with_mask 0.4535 122.0 204.0 138.0 233.0
with_mask 0.3920 254.0 128.0 268.0 155.0
with_mask 0.3828 226.0 89.0 242.0 116.0
with_mask 0.2957 57.0 93.0 68.0 111.0
