with_mask 0.9490 332.0 84.0 348.0 115.0
with_mask 0.9192 45.0 18.0 67.0 66.0
with_mask 0.9146 162.0 30.0 184.0 82.0
with_mask 0.8487 286.0 76.0 301.0 111.0
with_mask 0.7792 238.0 90.0 249.0 121.0
with_mask 0.7307 266.0 76.0 282.0 108.0
with_mask 0.7188 208.0 47.0 228.0 86.0
with_mask 0.6835 380.0 94.0 393.0 126.0
with_mask 0.6819 365.0 94.0 377.0 125.0
with_mask 0.6579 316.0 109.0 325.0 135.0
without_mask 0.5506 148.0 112.0 165.0 148.0
with_mask 0.4341 104.0 116.0 123.0 148.0
with_mask 0.2717 1.0 84.0 19.0 116.0
