with_mask 0.9447 271.0 31.0 296.0 75.0
without_mask 0.8924 216.0 77.0 239.0 128.0
with_mask 0.8859 132.0 47.0 157.0 95.0
with_mask 0.8724 376.0 123.0 399.0 159.0
with_mask 0.8632 308.0 170.0 338.0 217.0
without_mask 0.7849 235.0 64.0 253.0 100.0
with_mask 0.7552 188.0 138.0 220.0 193.0
without_mask 0.6976 164.0 5.0 186.0 41.0
with_mask 0.6246 334.0 60.0 351.0 95.0
with_mask 0.5441 124.0 2.0 143.0 37.0
with_mask 0.5352 96.0 48.0 120.0 85.0
with_mask 0.4266 6.0 211.0 60.0 344.0
with_mask 0.4097 9.0 0.0 33.0 18.0
without_mask 0.3635 215.0 7.0 230.0 51.0
