without_mask 0.8855 105.0 370.0 136.0 416.0
with_mask 0.8662 26.0 192.0 51.0 229.0
without_mask 0.8649 115.0 52.0 133.0 82.0
without_mask 0.8463 2.0 71.0 18.0 98.0
with_mask 0.7369 129.0 202.0 150.0 240.0
without_mask 0.7367 56.0 0.0 68.0 25.0
without_mask 0.6801 139.0 69.0 153.0 97.0
with_mask 0.5896 51.0 238.0 74.0 283.0
without_mask 0.5629 272.0 28.0 294.0 71.0
without_mask 0.5021 25.0 61.0 41.0 91.0
without_mask 0.4601 102.0 145.0 116.0 167.0
with_mask 0.3869 0.0 259.0 9.0 290.0
without_mask 0.3855 155.0 76.0 168.0 108.0
without_mask 0.3586 112.0 7.0 125.0 31.0
with_mask 0.2642 165.0 201.0 183.0 235.0
