with_mask 0.9713 142.0 345.0 170.0 403.0
with_mask 0.9495 103.0 125.0 131.0 180.0
with_mask 0.9423 298.0 10.0 325.0 65.0
with_mask 0.9245 264.0 16.0 286.0 63.0
with_mask 0.8954 372.0 205.0 404.0 251.0
with_mask 0.8869 38.0 269.0 65.0 329.0
with_mask 0.8686 189.0 18.0 215.0 60.0
with_mask 0.8220 98.0 14.0 121.0 59.0
with_mask 0.8192 202.0 253.0 227.0 303.0
with_mask 0.8118 2.0 310.0 31.0 380.0
without_mask 0.8086 31.0 130.0 51.0 169.0
with_mask 0.7689 330.0 0.0 353.0 23.0
with_mask 0.7632 196.0 92.0 217.0 142.0
with_mask 0.7611 257.0 134.0 279.0 173.0
with_mask 0.7586 221.0 295.0 251.0 349.0
with_mask 0.5946 21.0 58.0 45.0 106.0
mask_weared_incorrect 0.5655 61.0 243.0 81.0 291.0
with_mask 0.5470 360.0 54.0 384.0 101.0
