with_mask 0.8145 275.0 382.0 288.0 409.0
with_mask 0.7878 108.0 270.0 120.0 294.0
with_mask 0.7804 404.0 359.0 416.0 386.0
with_mask 0.7803 182.0 175.0 192.0 196.0
with_mask 0.7754 313.0 160.0 323.0 180.0
with_mask 0.7674 136.0 357.0 148.0 381.0
without_mask 0.7656 44.0 251.0 54.0 271.0
with_mask 0.7445 254.0 225.0 264.0 244.0
with_mask 0.7286 229.0 144.0 238.0 165.0
with_mask 0.7258 231.0 2.0 239.0 18.0
with_mask 0.7163 191.0 236.0 204.0 256.0
with_mask 0.7064 404.0 264.0 416.0 291.0
with_mask 0.7022 206.0 140.0 216.0 158.0
with_mask 0.6975 0.0 199.0 13.0 222.0
with_mask 0.6826 333.0 73.0 341.0 90.0
with_mask 0.6798 216.0 74.0 225.0 91.0
with_mask 0.6696 389.0 373.0 401.0 399.0
without_mask 0.6659 64.0 283.0 76.0 303.0
with_mask 0.6657 240.0 104.0 249.0 123.0
with_mask 0.6625 52.0 143.0 63.0 164.0
with_mask 0.6596 365.0 96.0 374.0 115.0
with_mask 0.6548 172.0 319.0 184.0 347.0
without_mask 0.6537 55.0 99.0 65.0 119.0
with_mask 0.6076 199.0 260.0 211.0 281.0
with_mask 0.5910 158.0 277.0 169.0 300.0
with_mask 0.5819 192.0 118.0 204.0 140.0
with_mask 0.5738 374.0 34.0 383.0 53.0
with_mask 0.5699 287.0 150.0 296.0 171.0
with_mask 0.5684 298.0 239.0 311.0 262.0
with_mask 0.5557 120.0 245.0 132.0 269.0
with_mask 0.5534 152.0 190.0 163.0 212.0
with_mask 0.5529 307.0 191.0 318.0 211.0
with_mask 0.5379 257.0 155.0 268.0 173.0
with_mask 0.5340 53.0 199.0 61.0 219.0
with_mask 0.5286 109.0 158.0 120.0 180.0
without_mask 0.5060 110.0 100.0 119.0 117.0
with_mask 0.4743 238.0 132.0 246.0 148.0
with_mask 0.4684 378.0 143.0 391.0 164.0
with_mask 0.4622 25.0 191.0 36.0 213.0
with_mask 0.4603 397.0 111.0 407.0 137.0
with_mask 0.4447 385.0 198.0 397.0 221.0
with_mask 0.4406 352.0 112.0 361.0 131.0
with_mask 0.4328 356.0 34.0 365.0 54.0
with_mask 0.4263 196.0 365.0 205.0 389.0
with_mask 0.4165 183.0 2.0 191.0 20.0
without_mask 0.4077 120.0 189.0 133.0 207.0
with_mask 0.4056 273.0 106.0 280.0 122.0
with_mask 0.3987 155.0 101.0 166.0 120.0
without_mask 0.3783 145.0 75.0 155.0 93.0
with_mask 0.3708 133.0 0.0 141.0 11.0
