with_mask 0.9579 141.0 163.0 167.0 210.0
with_mask 0.8890 219.0 165.0 246.0 204.0
with_mask 0.8736 35.0 194.0 59.0 237.0
with_mask 0.8338 11.0 136.0 31.0 172.0
with_mask 0.8138 270.0 125.0 299.0 171.0
with_mask 0.6891 47.0 48.0 71.0 85.0
with_mask 0.6608 376.0 165.0 405.0 208.0
with_mask 0.6545 252.0 59.0 271.0 94.0
with_mask 0.6311 254.0 218.0 297.0 303.0
with_mask 0.6183 308.0 170.0 357.0 266.0
with_mask 0.5711 86.0 67.0 109.0 105.0
with_mask 0.5146 94.0 154.0 116.0 189.0
with_mask 0.4085 332.0 81.0 358.0 124.0
with_mask 0.3868 140.0 51.0 159.0 84.0
