without_mask 0.9425 34.0 299.0 85.0 393.0
mask_weared_incorrect 0.8855 175.0 93.0 203.0 146.0
with_mask 0.8830 218.0 202.0 268.0 297.0
with_mask 0.8474 34.0 121.0 76.0 181.0
without_mask 0.7937 75.0 43.0 97.0 95.0
with_mask 0.7821 340.0 80.0 367.0 135.0
with_mask 0.7560 317.0 274.0 364.0 358.0
with_mask 0.7491 124.0 220.0 166.0 312.0
without_mask 0.6727 3.0 204.0 43.0 264.0
without_mask 0.6695 94.0 132.0 127.0 196.0
with_mask 0.5787 0.0 59.0 24.0 106.0
with_mask 0.5557 101.0 57.0 119.0 90.0
without_mask 0.5185 137.0 119.0 161.0 164.0
without_mask 0.4016 233.0 87.0 254.0 130.0
with_mask 0.3626 318.0 62.0 340.0 101.0
