with_mask 0.8828 55.0 55.0 68.0 79.0
with_mask 0.8695 36.0 184.0 49.0 209.0
with_mask 0.8527 43.0 317.0 61.0 343.0
with_mask 0.8387 387.0 294.0 405.0 318.0
with_mask 0.8274 172.0 0.0 183.0 23.0
with_mask 0.8124 230.0 71.0 239.0 94.0
with_mask 0.8115 148.0 322.0 166.0 354.0
with_mask 0.8077 366.0 190.0 379.0 214.0
with_mask 0.8006 94.0 113.0 107.0 137.0
with_mask 0.7924 120.0 80.0 131.0 104.0
with_mask 0.7800 25.0 15.0 36.0 37.0
with_mask 0.7763 139.0 134.0 151.0 158.0
with_mask 0.7755 220.0 189.0 235.0 214.0
with_mask 0.7715 174.0 214.0 190.0 245.0
with_mask 0.7556 54.0 362.0 71.0 397.0
with_mask 0.7511 325.0 213.0 338.0 237.0
with_mask 0.7423 239.0 35.0 250.0 55.0
with_mask 0.7343 64.0 228.0 80.0 258.0
with_mask 0.7338 7.0 135.0 21.0 159.0
with_mask 0.7144 27.0 106.0 39.0 130.0
with_mask 0.7105 289.0 309.0 304.0 342.0
with_mask 0.6973 344.0 33.0 355.0 54.0
with_mask 0.6561 127.0 192.0 143.0 220.0
with_mask 0.6472 267.0 63.0 280.0 88.0
with_mask 0.6422 22.0 70.0 35.0 93.0
with_mask 0.6394 375.0 270.0 386.0 295.0
with_mask 0.6072 257.0 88.0 271.0 114.0
with_mask 0.5945 97.0 345.0 114.0 371.0
with_mask 0.5930 56.0 6.0 69.0 31.0
with_mask 0.5348 313.0 139.0 328.0 167.0
with_mask 0.4521 393.0 135.0 403.0 154.0
with_mask 0.4521 320.0 6.0 332.0 29.0
with_mask 0.4055 212.0 49.0 225.0 72.0
with_mask 0.3627 242.0 152.0 254.0 175.0
with_mask 0.3474 215.0 0.0 226.0 4.0
with_mask 0.3194 92.0 407.0 109.0 416.0
without_mask 0.3050 380.0 15.0 389.0 34.0
