without_mask 0.9302 175.0 170.0 196.0 205.0
with_mask 0.9169 124.0 85.0 142.0 112.0
with_mask 0.8522 308.0 64.0 321.0 89.0
with_mask 0.8476 102.0 252.0 147.0 347.0
with_mask 0.8432 6.0 347.0 46.0 411.0
with_mask 0.8369 190.0 220.0 220.0 285.0
with_mask 0.7791 238.0 48.0 253.0 76.0
with_mask 0.7096 168.0 85.0 182.0 115.0
without_mask 0.7065 268.0 67.0 285.0 95.0
with_mask 0.7055 199.0 40.0 214.0 67.0
with_mask 0.6789 224.0 140.0 242.0 168.0
with_mask 0.5251 159.0 32.0 171.0 58.0
without_mask 0.2829 344.0 129.0 358.0 155.0
