with_mask 0.8449 262.0 329.0 275.0 351.0
with_mask 0.7995 104.0 240.0 115.0 262.0
with_mask 0.7987 307.0 367.0 320.0 390.0
with_mask 0.7857 220.0 346.0 234.0 370.0
with_mask 0.7761 372.0 321.0 384.0 343.0
with_mask 0.7584 284.0 217.0 296.0 237.0
with_mask 0.7577 165.0 374.0 178.0 397.0
with_mask 0.7506 293.0 180.0 304.0 199.0
with_mask 0.7208 164.0 280.0 176.0 302.0
with_mask 0.7069 95.0 378.0 109.0 402.0
with_mask 0.6992 191.0 233.0 202.0 252.0
with_mask 0.6511 229.0 113.0 237.0 130.0
with_mask 0.6464 49.0 188.0 59.0 204.0
with_mask 0.6415 151.0 248.0 161.0 267.0
with_mask 0.6400 367.0 394.0 386.0 416.0
with_mask 0.5894 98.0 92.0 105.0 108.0
with_mask 0.5833 104.0 155.0 113.0 173.0
without_mask 0.5833 62.0 252.0 72.0 269.0
with_mask 0.5798 362.0 144.0 371.0 162.0
with_mask 0.5480 387.0 238.0 398.0 261.0
with_mask 0.5448 121.0 102.0 128.0 116.0
with_mask 0.5395 274.0 149.0 282.0 167.0
with_mask 0.5248 0.0 188.0 11.0 206.0
with_mask 0.5219 198.0 142.0 206.0 157.0
with_mask 0.5216 218.0 145.0 228.0 165.0
with_mask 0.5179 380.0 120.0 389.0 140.0
with_mask 0.4986 48.0 144.0 60.0 163.0
with_mask 0.4947 350.0 105.0 357.0 123.0
with_mask 0.4939 246.0 153.0 258.0 171.0
with_mask 0.4705 367.0 186.0 378.0 204.0
with_mask 0.4620 138.0 142.0 147.0 158.0
with_mask 0.4377 185.0 316.0 195.0 335.0
without_mask 0.4357 41.0 228.0 52.0 244.0
with_mask 0.4253 184.0 126.0 195.0 142.0
without_mask 0.4183 145.0 178.0 156.0 198.0
with_mask 0.3798 130.0 310.0 143.0 331.0
with_mask 0.3793 170.0 146.0 179.0 161.0
with_mask 0.3641 25.0 179.0 35.0 200.0
with_mask 0.3635 393.0 402.0 409.0 416.0
with_mask 0.3577 202.0 177.0 211.0 195.0
with_mask 0.3522 337.0 58.0 348.0 76.0
with_mask 0.3499 114.0 219.0 126.0 242.0
with_mask 0.3425 388.0 210.0 397.0 228.0
with_mask 0.3257 183.0 212.0 194.0 233.0
with_mask 0.3215 221.0 33.0 228.0 48.0
with_mask 0.3157 300.0 157.0 309.0 174.0
with_mask 0.3080 317.0 90.0 325.0 104.0
without_mask 0.3046 139.0 92.0 147.0 109.0
with_mask 0.3038 242.0 205.0 255.0 222.0
with_mask 0.2992 358.0 58.0 365.0 75.0
