with_mask 0.9382 271.0 29.0 296.0 75.0
with_mask 0.9015 308.0 171.0 338.0 217.0
without_mask 0.8964 216.0 79.0 239.0 129.0
with_mask 0.8757 132.0 48.0 157.0 94.0
with_mask 0.8737 376.0 122.0 399.0 160.0
with_mask 0.7589 188.0 139.0 220.0 193.0
without_mask 0.6344 164.0 5.0 186.0 41.0
with_mask 0.6147 124.0 2.0 143.0 38.0
without_mask 0.5947 234.0 65.0 253.0 100.0
with_mask 0.5745 334.0 61.0 351.0 95.0
with_mask 0.5719 97.0 48.0 120.0 86.0
with_mask 0.4800 6.0 210.0 60.0 345.0
with_mask 0.3626 9.0 0.0 32.0 18.0
without_mask 0.2506 214.0 5.0 230.0 51.0
