with_mask 0.9715 142.0 353.0 169.0 402.0
with_mask 0.9417 103.0 178.0 128.0 222.0
with_mask 0.9169 300.0 86.0 324.0 128.0
with_mask 0.9093 372.0 242.0 401.0 280.0
with_mask 0.8808 2.0 331.0 31.0 384.0
with_mask 0.8788 113.0 4.0 135.0 45.0
with_mask 0.8544 99.0 92.0 119.0 124.0
with_mask 0.8258 196.0 152.0 217.0 192.0
with_mask 0.8098 263.0 89.0 284.0 127.0
with_mask 0.7904 36.0 300.0 64.0 344.0
with_mask 0.7892 256.0 186.0 277.0 218.0
with_mask 0.7526 220.0 316.0 250.0 358.0
without_mask 0.7357 24.0 2.0 43.0 32.0
mask_weared_incorrect 0.7270 59.0 272.0 80.0 310.0
with_mask 0.7186 359.0 120.0 383.0 157.0
with_mask 0.6762 329.0 55.0 352.0 97.0
without_mask 0.6635 30.0 182.0 48.0 212.0
with_mask 0.6209 17.0 121.0 44.0 162.0
with_mask 0.6055 188.0 90.0 213.0 127.0
with_mask 0.6004 202.0 282.0 226.0 322.0
