with_mask 0.8182 174.0 177.0 198.0 212.0
with_mask 0.8035 59.0 108.0 78.0 144.0
with_mask 0.7896 284.0 120.0 307.0 164.0
with_mask 0.7578 225.0 90.0 243.0 127.0
with_mask 0.7253 379.0 84.0 403.0 122.0
with_mask 0.7211 133.0 99.0 156.0 138.0
with_mask 0.6984 22.0 88.0 45.0 126.0
with_mask 0.6712 159.0 97.0 178.0 129.0
with_mask 0.6404 247.0 107.0 262.0 136.0
with_mask 0.5912 191.0 97.0 204.0 123.0
with_mask 0.5846 305.0 84.0 326.0 119.0
with_mask 0.5244 357.0 78.0 375.0 110.0
without_mask 0.3934 329.0 93.0 343.0 118.0
with_mask 0.3817 210.0 89.0 226.0 128.0
with_mask 0.3194 115.0 81.0 132.0 107.0
with_mask 0.2550 265.0 114.0 281.0 149.0
