with_mask 0.9701 195.0 253.0 236.0 314.0
with_mask 0.9688 309.0 262.0 347.0 327.0
without_mask 0.9590 334.0 185.0 359.0 238.0
without_mask 0.8276 172.0 204.0 199.0 248.0
with_mask 0.7741 58.0 220.0 96.0 285.0
with_mask 0.7582 387.0 205.0 410.0 237.0
with_mask 0.6947 18.0 183.0 43.0 223.0
without_mask 0.6288 0.0 240.0 10.0 294.0
with_mask 0.5346 154.0 176.0 170.0 219.0
with_mask 0.4927 205.0 176.0 227.0 212.0
with_mask 0.4585 101.0 217.0 120.0 256.0
with_mask 0.3428 294.0 133.0 310.0 157.0
without_mask 0.2840 189.0 127.0 203.0 149.0
without_mask 0.2555 118.0 186.0 132.0 216.0
