with_mask 0.9663 27.0 288.0 58.0 337.0
with_mask 0.9504 55.0 26.0 85.0 90.0
with_mask 0.9271 195.0 214.0 232.0 286.0
with_mask 0.9086 63.0 136.0 93.0 192.0
with_mask 0.9004 321.0 346.0 356.0 408.0
with_mask 0.8997 392.0 136.0 416.0 202.0
with_mask 0.8975 377.0 255.0 411.0 326.0
with_mask 0.8760 392.0 41.0 416.0 101.0
with_mask 0.8531 205.0 339.0 238.0 403.0
with_mask 0.8321 332.0 219.0 363.0 286.0
with_mask 0.8059 112.0 156.0 133.0 205.0
with_mask 0.7223 289.0 288.0 322.0 356.0
with_mask 0.7086 338.0 92.0 368.0 159.0
with_mask 0.6795 4.0 18.0 37.0 83.0
with_mask 0.6424 308.0 0.0 339.0 19.0
with_mask 0.5126 6.0 390.0 41.0 416.0
with_mask 0.4678 129.0 394.0 167.0 416.0
without_mask 0.4592 93.0 390.0 123.0 416.0
