with_mask 0.9534 184.0 178.0 214.0 229.0
with_mask 0.9342 61.0 287.0 112.0 368.0
with_mask 0.9207 115.0 175.0 145.0 216.0
with_mask 0.8038 330.0 313.0 387.0 401.0
with_mask 0.7691 243.0 134.0 270.0 180.0
with_mask 0.7371 311.0 120.0 331.0 159.0
with_mask 0.6774 384.0 162.0 407.0 201.0
with_mask 0.6645 298.0 210.0 338.0 275.0
with_mask 0.5696 20.0 181.0 71.0 260.0
with_mask 0.4895 382.0 243.0 415.0 322.0
with_mask 0.4699 87.0 169.0 108.0 209.0
with_mask 0.4521 165.0 133.0 183.0 175.0
mask_weared_incorrect 0.2835 385.0 159.0 406.0 201.0
