with_mask 0.9751 140.0 355.0 168.0 402.0
with_mask 0.9651 309.0 82.0 337.0 125.0
with_mask 0.9396 107.0 1.0 130.0 42.0
without_mask 0.9354 8.0 0.0 31.0 28.0
with_mask 0.8989 95.0 178.0 123.0 221.0
with_mask 0.8883 269.0 86.0 295.0 125.0
with_mask 0.8773 5.0 121.0 29.0 160.0
with_mask 0.8504 190.0 88.0 216.0 123.0
with_mask 0.8487 0.0 331.0 18.0 386.0
with_mask 0.8410 343.0 56.0 368.0 93.0
with_mask 0.8315 198.0 152.0 220.0 189.0
with_mask 0.8230 392.0 239.0 416.0 279.0
with_mask 0.8114 25.0 291.0 53.0 343.0
with_mask 0.8106 90.0 86.0 113.0 122.0
with_mask 0.7997 376.0 120.0 401.0 154.0
with_mask 0.7491 346.0 15.0 367.0 43.0
mask_weared_incorrect 0.7356 49.0 272.0 71.0 311.0
with_mask 0.7240 263.0 180.0 285.0 216.0
with_mask 0.7018 226.0 309.0 257.0 358.0
without_mask 0.6985 17.0 178.0 37.0 210.0
with_mask 0.4720 206.0 287.0 229.0 323.0
without_mask 0.4080 34.0 0.0 53.0 9.0
