with_mask 0.9563 102.0 175.0 128.0 228.0
with_mask 0.9292 97.0 66.0 120.0 107.0
with_mask 0.9214 297.0 58.0 325.0 113.0
with_mask 0.8945 197.0 143.0 217.0 190.0
with_mask 0.8885 38.0 319.0 63.0 375.0
with_mask 0.8786 263.0 65.0 285.0 111.0
with_mask 0.8329 202.0 303.0 226.0 352.0
with_mask 0.8023 189.0 68.0 214.0 109.0
mask_weared_incorrect 0.7848 61.0 289.0 80.0 338.0
with_mask 0.7767 221.0 343.0 248.0 396.0
without_mask 0.7637 30.0 178.0 51.0 215.0
with_mask 0.7193 372.0 254.0 402.0 297.0
with_mask 0.7119 17.0 108.0 44.0 153.0
with_mask 0.6989 3.0 361.0 31.0 414.0
with_mask 0.6622 256.0 183.0 276.0 221.0
with_mask 0.6581 113.0 0.0 133.0 11.0
with_mask 0.5550 329.0 17.0 352.0 74.0
with_mask 0.5262 360.0 102.0 383.0 149.0
with_mask 0.4308 143.0 388.0 169.0 416.0
with_mask 0.3685 193.0 0.0 215.0 42.0
