with_mask 0.9480 120.0 250.0 146.0 302.0
with_mask 0.9231 64.0 187.0 88.0 239.0
with_mask 0.8527 299.0 207.0 352.0 341.0
with_mask 0.8346 381.0 149.0 412.0 189.0
with_mask 0.7545 209.0 216.0 227.0 284.0
with_mask 0.7473 212.0 187.0 230.0 218.0
with_mask 0.6693 88.0 185.0 106.0 219.0
with_mask 0.6477 13.0 187.0 24.0 208.0
with_mask 0.6193 132.0 199.0 144.0 221.0
with_mask 0.6120 47.0 210.0 61.0 240.0
with_mask 0.6119 168.0 254.0 180.0 279.0
with_mask 0.5819 259.0 183.0 278.0 225.0
with_mask 0.4858 178.0 175.0 191.0 202.0
with_mask 0.3611 44.0 162.0 55.0 184.0
with_mask 0.3018 142.0 160.0 152.0 178.0
with_mask 0.2882 354.0 173.0 371.0 195.0
